00:38:18.192
C;23.375100,4.695800,0.997286,49.231500,-10.892200,0.471346,?,?,?,52.867900,-6.933970,0.778431,-116.115000,44.084600,AIzaSyAs8Y9gKuTgIAS2c5-bD1SakOv2Q4tlQu8
00:38:18.208
Z;0,0,6,33,43.577991,-11.129528,40.338005,-13.190846,48.925793,-26.690271,52.165779,-24.628952;0,0,0,0,66.253685,-1.890499,71.590996,1.826349,67.874138,7.163665,62.536831,3.446818;0,0,7,38,58.832352,19.369123,56.642509,22.270065,43.869495,12.632225,46.060215,9.729946;0,0,4,39,57.347134,13.437099,55.033916,16.502634,42.263096,6.864373,44.574734,3.799667;0,0,0,40,46.060215,9.729946,43.869495,12.632225,41.315868,10.703772,43.505672,7.802808;0,0,0,0,46.888416,0.733462,44.969498,3.211807,42.643204,1.214538,44.334362,-1.194307;0,0,0,0,40.231426,-12.729865,43.471413,-10.668548,41.753704,-7.968184,38.513748,-10.029480;0,0,0,45,35.765503,-7.859588,32.194160,-11.602284,29.929272,-8.786741,33.160206,-5.327897;0,1,0,0,128.088638,-155.375931,204.410370,-151.578125,268.711914,-107.774048,306.538727,4.843264,288.326447,71.124939,226.367294,143.296677,47.827866,1.201494;0,1,0,0,42.625755,19.576754,122.597664,74.009827,214.151901,158.239548,158.130402,164.314545,96.624390,134.521286,34.028427,33.087074;0,1,0,0,44.206738,4.447105,49.281437,9.239632,47.668655,11.996498,42.785294,7.858766;1,0,2,46,25.350359,12.493147,28.193777,15.072894,17.446823,26.925653,14.602296,24.346130;1,0,2,47,-19.439957,60.364094,-16.944853,63.284679,-24.244556,69.519768,-26.738997,66.599625;1,0,2,48,-51.728333,86.265915,-49.560268,89.434822,-57.483303,94.855453,-59.652054,91.686111;1,0,2,0,-86.770859,108.203484,-84.951126,111.531517,-93.304016,116.236847,-95.085396,112.835381;1,0,0,0,18.958157,-36.464737,21.996346,-34.332985,19.223244,-30.172468,16.283092,-32.612869;1,0,8,0,30.526127,-10.846025,26.754372,-6.408943,-11.048502,-36.890526,-7.708279,-41.105679;1,0,3,41,-16.243753,-40.726330,-17.317543,-37.374283,-20.968748,-39.046467,-24.741287,-40.422646,-28.611864,-41.493065,-32.555851,-42.252853,-31.482059,-45.604893,-27.539408,-44.846004,-23.668150,-43.775139,-19.894953,-42.398518;1,0,0,0,19.274437,-12.324223,22.656761,-17.092974,30.400337,-10.704893,25.821060,-4.961089;1,0,0,0,27.610186,9.956626,30.455379,12.536592,28.304701,14.906471,25.461283,12.326727;1,0,0,0,38.507423,10.514042,35.805904,6.714610,32.641991,10.032019,35.739494,12.953218;1,0,0,0,24.820251,-3.971633,30.218388,-10.749256,32.423382,-8.984409,27.133987,-2.020861;1,0,0,0,-11.311898,-37.114159,-7.885584,-41.245007,-5.725856,-39.495914,-9.108235,-35.350201;1,1,0,0,-197.235382,-20.743265,-173.822266,-79.368881,-13.793030,-30.915031,23.686869,-1.923571,-21.294327,47.654537,-40.671165,63.260773,-79.718590,90.113579,-149.145218,114.001228,-208.118607,51.001633;1,1,0,0,-47.533691,-123.375198,35.384693,-30.932634,29.450500,-19.505238,-114.339462,-126.882240;1,1,0,0,-4.353691,53.161079,33.713470,10.352975,66.997612,32.537777,-41.544804,161.370026,-124.529503,150.042389;1,1,0,0,-0.797014,-34.950287,4.577110,-30.673172,2.358806,-27.865736,-3.148898,-32.115543;1,1,0,0,-3.464379,-38.749058,7.537704,-30.134298,5.264156,-27.323298,-5.590339,-35.439735;1,1,0,0,17.338421,-22.720222,22.589813,-18.820078,20.519505,-15.953412,14.971706,-19.651173;1,1,0,0,20.955217,-11.904808,24.518177,-9.589603,22.508858,-7.023591,19.442684,-9.367241;3,0,0,58,65.240318,-106.654472,67.458336,-105.654266,66.402313,-102.992538,64.184868,-104.713844;3,0,6,34,77.730576,-68.558250,74.267693,-70.219536,78.419426,-78.875359,81.881226,-77.213860;3,0,6,35,94.912430,-106.481125,91.450867,-108.141541,95.601952,-116.797791,99.064194,-115.136955;3,0,6,36,112.095840,-144.404892,108.633614,-146.065750,112.785339,-154.721558,116.247147,-153.060074;3,1,0,0,-59.176220,-322.725189,129.517380,-200.998581,109.176392,-159.134491,77.802246,-92.225258,31.646139,-9.712174,-180.596268,-139.289032;3,1,0,0,83.276230,-56.666439,119.390297,-131.056610,144.700302,-192.716934,256.004181,-120.408905,120.073296,46.774185,51.405407,1.363863
00:42:49.274
F;32639;0;32896;101100000001111021000000000000011100;893560,30,149.100342,-216.976105,0.250000
00:42:49.351
F;32639;0;32896;101100000001111021000000000000011100;893560,30,148.269760,-215.292923,0.572957
00:42:49.439
F;32639;0;32896;101100000001111021000000000000011100;893560,30,147.439163,-213.609756,0.572958
00:42:49.544
F;32639;0;32896;101100000001111021000000000000011100;893560,30,146.608566,-211.926590,0.572958
00:42:49.653
F;32639;0;32896;101100000001111021000000000000011100;893560,30,145.630951,-210.236298,0.575660
00:42:49.759
F;32639;0;128;101100000001111021000000000000011100;893560,30,144.652954,-208.550446,0.577622
00:42:49.848
F;32639;0;128;101100000001111021000000000000011100;550553,30,141.574249,-208.802399,0.577049;893560,30,143.791763,-206.866272,0.577049
00:42:49.945
F;32639;0;128;101100000001111021000000000000011100;550553,30,140.734650,-207.003937,0.584577;893560,30,142.635864,-205.459686,0.584577
00:42:50.051
F;32639;0;128;101100000001111021000000000000011100;550553,30,139.733337,-205.320099,0.570834;893560,30,142.326752,-203.609665,0.570834
00:42:50.140
F;32639;0;128;101100000001111021000000000000011100;550553,30,139.375000,-204.426910,0.571512;893560,30,141.490631,-201.934662,0.571512
00:42:50.237
F;32639;0;32896;101100000001111021000000000000011100;550553,30,138.135208,-201.846039,0.573074;893560,30,140.654526,-200.259674,0.572029
00:42:50.343
F;32639;0;32896;101100000001111021000000000000011100;550553,30,137.617020,-201.037460,0.575504;893560,30,139.818420,-198.584686,0.572423
00:42:50.441
F;32639;0;32896;101100000001111021000000000000011100;550553,30,136.205490,-198.558762,0.577722;893560,30,138.982315,-196.909683,0.572724
00:42:50.546
F;32639;0;32896;101100000001111021000000000000011100;550553,30,135.600372,-197.792496,0.581720;893560,30,138.146210,-195.234695,0.572953
00:42:50.658
F;32639;0;32896;101100000001111021000000000000011100;550553,30,134.887161,-196.251968,0.578917;893560,30,137.310104,-193.559708,0.573127
00:42:50.744
F;32639;0;128;101100000001111021000000000000011100;550553,30,134.096436,-194.481216,0.575969;893560,30,136.084656,-192.175262,0.583018
00:42:50.838
F;32639;0;128;101100000001111021000000000000011100;550553,30,132.828354,-191.877701,0.574721;893560,30,135.214767,-190.570374,0.582093
00:42:50.940
F;32639;0;128;101100000001111021000000000000011100;550553,30,131.958038,-190.364700,0.576604;893560,30,134.658066,-188.599792,0.572389
00:42:51.041
F;32639;0;128;101100000001111021000000000000011100;550553,30,131.619125,-189.447403,0.573768;893560,30,133.940323,-186.951797,0.570772
00:42:51.141
F;32639;0;128;101100000001111021000000000000011100;550553,30,130.711258,-187.036362,0.568828;893560,30,133.194351,-185.081955,0.568171
00:42:51.241
F;32639;0;32896;101100000001111021000000000000011100;550553,30,130.409561,-186.258469,0.567615;893560,30,132.202621,-183.213272,0.570642
00:42:51.357
F;32639;32896;0;101100000001111031000000000000011100;550553,30,129.951462,-185.528931,0.570324;893560,30,131.729355,-181.313553,0.562843
00:42:51.442
F;32639;32896;0;101100000001111031000000000000011100;550553,30,129.024048,-183.058823,0.566306;893560,30,130.891571,-179.794678,0.566737
00:42:51.540
F;32639;32896;0;101100000001111031000000000000011100;550553,30,128.303741,-181.240189,0.564760;893560,30,130.013947,-178.246857,0.570247
00:42:51.873
F;32639;32896;0;101100000001111031000000000000011100;550553,30,127.577461,-179.564316,0.564836;893560,30,128.692886,-176.916840,0.583053
00:42:51.873
F;32639;32896;0;101100000001111031000000000000011100;550553,30,126.784203,-177.877716,0.566052;893560,30,128.265091,-176.085602,0.582055
00:42:51.873
F;32639;32896;0;101100000001111031000000000000011100;550553,30,125.990936,-176.191101,0.566981;893560,30,127.911797,-173.084503,0.560943
00:42:51.969
F;32639;32896;0;101100000001111031000000000000011100;550553,30,124.878433,-173.816330,0.567816;893560,30,127.444603,-171.197708,0.555490
00:42:52.040
F;32639;32896;0;101100000001111031000000000000011100;550553,30,124.424416,-172.979477,0.569362;893560,30,126.902367,-169.348480,0.553037
00:42:52.140
F;32639;32896;0;101100000001111031000000000000011100;550553,30,123.037018,-170.476746,0.572978;893560,30,126.522003,-168.481644,0.554776
00:42:52.240
F;32639;32896;0;101100000001111031000000000000011100;550553,30,122.638878,-169.614380,0.572412;893560,30,125.403458,-165.893860,0.558023
00:42:52.338
F;32639;32896;0;101100000001111031000000000000011100;550553,30,121.855942,-167.883377,0.571256;893560,30,124.657753,-164.168686,0.559671
00:42:52.448
F;32639;32896;0;101100000001111031000000000000011100;550553,30,120.705574,-165.275986,0.569605;893560,30,123.900894,-162.397583,0.560790
00:42:52.557
F;32639;32896;0;101100000001111031000000000000011100;550553,30,119.949387,-163.533112,0.568534;893560,30,122.691925,-160.899185,0.572205
00:42:52.654
F;32639;32896;0;101100000001111031000000000000011100;550553,30,119.198799,-161.788040,0.567600;893560,30,121.670311,-159.291992,0.576517
00:42:52.748
F;32639;32896;0;101100000001111031000000000000011100;550553,30,118.452034,-160.041595,0.566809;893560,30,121.132545,-157.395615,0.568492
00:42:52.844
F;32639;32896;0;101100000001111031000000000000011100;550553,30,117.707825,-158.294434,0.566155;893560,30,120.567993,-155.515854,0.563062
00:42:52.957
F;32639;32896;0;101100000001111031000000000000011100;550553,30,116.845787,-156.597900,0.568241;893560,30,119.872948,-153.716064,0.561989
00:42:53.040
F;32639;32896;0;101100000001111031000000000000011100;550553,30,116.019585,-154.886459,0.569045;893560,30,119.113770,-151.980850,0.562865
00:42:53.157
F;32639;32896;0;101100000001111031000000000000011100;550553,30,115.562691,-154.049576,0.570482;893560,30,118.354599,-150.245636,0.563530
00:42:53.248
F;32639;32896;0;101100000001111031000000000000011600;550553,30,114.268356,-151.506897,0.571919;893560,30,117.595428,-148.510422,0.564036
00:42:53.340
F;32639;32896;0;101100000001111031000000000000011600;550553,30,113.565857,-149.743774,0.569138;893560,30,117.215843,-147.642822,0.564255
00:42:53.442
F;32639;32896;0;101100000001111031000000000000011600;550553,30,112.743057,-148.032303,0.569664;893560,30,116.077080,-145.040009,0.564699
00:42:53.548
F;32639;32896;0;101100000001111031000000000000011600;550553,30,112.279297,-146.516022,0.564983;893560,30,115.317909,-143.304794,0.564925
00:42:53.640
F;32639;32896;0;101100000001111031000000000000011600;550553,30,111.534142,-145.022110,0.566867;893560,30,114.558739,-141.569580,0.565096
00:42:53.750
F;32639;32896;0;101100000001111031000000000000011100;550553,30,110.724953,-143.295639,0.567564;893560,30,113.799568,-139.834366,0.565226
00:42:53.844
F;32639;32896;0;101100000001111031000000000000011100;550553,30,110.004753,-141.719772,0.567712;893560,30,113.040390,-138.099152,0.565325
00:42:53.949
F;32639;32896;0;101100000001111031000000000000011100;550553,30,109.281136,-140.093155,0.567462;893560,30,112.281219,-136.363937,0.565400
00:42:54.056
F;32639;32896;0;101100000001111031000000000000011100;550553,30,108.449837,-138.473862,0.569329;893560,30,111.522049,-134.628723,0.565457
00:42:54.150
F;32639;32896;0;101100000001111031000000000000011100;550553,30,107.647194,-136.814835,0.569890;893560,30,110.762878,-132.893509,0.565501
00:42:54.241
F;32639;32896;0;101100000001111031000000000000011100;550553,30,106.675674,-135.206512,0.573844;893560,30,110.003700,-131.158295,0.565534
00:42:54.352
F;65535;0;0;101100000001111031000000000000011100;550553,30,105.789925,-133.547913,0.574852;893560,30,109.244530,-129.423080,0.565559
00:42:54.457
F;65535;0;0;101100000001111011000000000000011100;550553,30,105.386131,-131.881058,0.566653;893560,30,108.485359,-127.687874,0.565578
00:42:54.547
F;65535;0;0;101100000001111011000000000000011100;550553,30,104.992088,-129.939072,0.558042;893560,30,107.726189,-125.952660,0.565592
00:42:54.645
F;65535;0;0;101100000001111011000000000000011100;550553,30,104.237175,-128.161774,0.559474;893560,30,106.967010,-124.217453,0.565604
00:42:54.743
F;65535;0;0;101100000001111011000000000000011100;550553,30,103.433510,-126.760162,0.564427;893560,30,106.127167,-122.854500,0.570291
00:42:54.868
F;65535;0;0;101100000001111011000000000000011100;550553,30,102.650414,-125.258102,0.567081;893560,30,105.260834,-121.683716,0.576346
00:42:54.957
F;65535;0;0;101100000001111011000000000000011100;550553,30,102.006119,-123.977875,0.568455
00:42:55.057
F;65535;0;0;101100000001111011000000000000011100;550553,30,101.337982,-122.561035,0.568802
00:42:55.148
F;65535;0;0;101100000001111011000000000000011100;550553,30,100.773392,-120.645493,0.563020
00:42:55.278
F;65535;0;0;101100000001111011000000000000011100;550553,30,100.040535,-119.168541,0.565237
00:42:55.364
F;65535;0;0;101100000001111011000000000000011100;550553,30,99.307266,-117.609100,0.566289
00:42:55.448
F;65535;0;0;101100000001111011000000000000011100;550553,30,98.573738,-115.989685,0.566610
00:42:55.540
F;65535;0;0;101100000001111011000000000000016100;550553,30,97.889915,-114.652985,0.568340
00:42:55.659
F;65535;0;0;101100000001111011000000000000016100;550553,30,97.181084,-113.197906,0.569149
00:42:55.748
F;65535;0;0;101100000001111011000000000000016100;550553,30,96.394768,-111.681236,0.570694
00:42:55.843
F;65535;0;0;101100000001111011000000000000016100;550553,30,95.834892,-110.161446,0.567610
00:42:55.948
F;65535;0;0;101100000001111011000000000000016100;550553,30,95.223183,-108.756653,0.567153
00:42:56.061
F;65535;0;0;101100000001111011000000000000016100;550553,30,94.726204,-107.182877,0.563172
00:42:56.163
F;65535;0;0;101100000001111011000000000000011100;550553,30,94.002945,-105.616112,0.564436
00:42:56.263
F;65535;0;0;101100000001111011000000000000011100;550553,30,93.209755,-104.015038,0.566448
00:42:56.351
F;65535;0;0;101100000001111011000000000000011100;550553,30,92.500183,-102.521225,0.567340
00:42:56.444
F;65535;0;0;101100000001111011000000000000011100;550553,30,91.625916,-101.168877,0.572410
00:42:56.549
F;65535;0;0;101100000001111011000000000000011100;550553,30,90.870262,-99.661888,0.572753
00:42:56.649
F;65535;0;0;101100000001111011000000000000011100;550553,30,90.246437,-98.369942,0.572529
00:42:56.750
F;65535;0;0;101100000001111011000000000000011100;550553,30,89.723801,-97.042473,0.570065
00:42:56.858
F;65535;0;0;101100000001111011000000000000011100;550553,30,89.215576,-95.581161,0.566625
00:42:56.961
F;65501;0;34;101100000001111011000000000000022200;550553,30,88.561462,-94.217644,0.567544
00:42:57.057
F;65501;0;34;201100000002222011000000000000022200;550553,30,87.890167,-93.074951,0.570615
00:42:57.150
F;65501;0;34;201100000002222011000000000000022200;550553,30,87.141502,-91.583565,0.571361
00:42:57.257
F;65501;0;34;201100000002222011000000000000022200;550553,30,86.536263,-90.664925,0.574665
00:42:57.350
F;65501;0;34;201100000002222011000000000000022200;550553,30,85.885162,-89.313622,0.574024
00:42:57.457
F;65501;0;34;201100000002222011000000000000022200;550553,30,85.052856,-87.577408,0.573325
00:42:57.557
F;65501;0;34;201100000002222011000000000000022200;550553,30,84.429001,-86.249619,0.572653
00:42:57.640
F;65501;0;34;201100000002222011000000000000022200;550553,30,83.551544,-84.872978,0.576427
00:42:57.749
F;65501;0;34;201100000002222011000000000000022200;550553,30,83.070099,-83.548912,0.572454
00:42:57.848
F;65501;0;34;201100000002222011000000000000022200;550553,30,82.470596,-82.291580,0.572145
00:42:57.945
F;65501;0;34;201100000002222011000000000000022200;550553,30,81.733978,-80.915009,0.573395
00:42:58.048
F;65501;0;34;201100000002222011000000000000022200;550553,30,81.076599,-79.726234,0.574687
00:42:58.150
F;65501;0;34;201100000002222011000000000000022200;550553,30,80.523468,-78.496300,0.573325
00:42:58.246
F;65501;0;34;201100000002222011000000000000072200;550553,30,79.929306,-77.252731,0.572879
00:42:58.358
F;65501;0;34;201100000002222011000000000000072200;550553,30,79.159988,-75.896065,0.574781
00:42:58.448
F;65501;0;34;201100000002222011000000000000072200;550553,30,78.686081,-74.639458,0.571605
00:42:58.546
F;65501;0;34;201100000002222011000000000000072200;550553,30,78.070976,-73.432297,0.572231
00:42:58.651
F;65501;0;34;201100000002222011000000000000072200;550553,30,77.428429,-72.018196,0.571336
00:42:58.752
F;65501;0;34;201100000002222011000000000000072200;550553,30,76.686234,-70.697433,0.573381
00:42:58.857
F;65501;0;34;201100000002222011000000000000072200;550553,30,75.998604,-69.553093,0.575697
00:42:58.950
F;65501;0;34;201100000002222011000000000000022200;550553,30,75.458412,-68.339500,0.574058
00:42:59.049
F;65501;0;34;201100000002222011000000000000022200;550553,30,74.949188,-67.074295,0.571623
00:42:59.153
F;65501;0;34;201100000002222011000000000000022200;550553,30,74.323410,-65.850723,0.572297
00:42:59.258
F;65501;0;34;201100000002222011000000000000022200;550553,30,73.688080,-64.601128,0.572783
00:42:59.349
F;65501;0;34;201100000002222011000000000000022200;550553,30,73.085312,-63.133030,0.570529
00:42:59.448
F;65501;0;34;201100000002222011000000000000022200;550553,30,72.167664,-61.866314,0.576562
00:42:59.556
F;65501;0;34;201100000002222011000000000000022200;550553,30,71.472214,-60.560429,0.576823
00:42:59.651
F;65501;0;34;201100000002222011000000000000022200;550553,30,70.812767,-59.397060,0.577780
00:42:59.748
F;65501;0;34;201100000002222011000000000000022200;550553,30,69.893486,-57.936802,0.580379
00:42:59.848
F;65501;0;34;201100000002222011000000000000022200;550553,30,69.100677,-56.522621,0.580579
00:42:59.953
F;65501;0;34;201100000002222011000000000000022200;550553,30,68.149475,-55.194763,0.584503
00:43:00.050
F;65501;0;34;201100000002222011000000000000022200;550553,30,67.445747,-53.842945,0.582860
00:43:00.152
F;65501;0;34;201100000002222011000000000000022200;550553,30,66.625969,-52.410027,0.582826
00:43:00.256
F;65501;0;34;201100000002222011000000000000022200;550553,30,66.028236,-51.105782,0.580043
00:43:00.353
F;65501;0;34;201100000002222011000000000000022200;550553,30,65.447388,-49.812935,0.577591
00:43:00.456
F;65501;0;34;201100000002222011000000000000022200;550553,30,64.742569,-48.538803,0.578143
00:43:00.560
F;65501;0;34;201100000002222011000000000000022200;550553,30,63.919956,-47.462677,0.582872
00:43:00.645
F;65501;0;34;201100000002222011000000000000022200;550553,30,63.157299,-46.333904,0.585035
00:43:00.742
F;65501;0;34;201100000002222011000000000000022200;550553,30,62.292877,-45.173901,0.588313
00:43:00.848
F;65501;0;34;201100000002222011000000000000022200;550553,30,61.376526,-43.829426,0.589785
00:43:00.954
F;65501;0;34;201100000002222011000000000000022200;550553,30,60.918079,-42.746807,0.585531
00:43:01.052
F;65501;0;34;201100000002222011000000000000022200;550553,30,60.162319,-41.307289,0.583700
00:43:01.153
F;65501;0;34;201100000002222011000000000000022200;550553,30,59.472237,-39.901470,0.581409
00:43:01.259
F;65501;0;34;201100000002222011000000000000022200;550553,30,58.886341,-38.483261,0.577532
00:43:01.357
F;65501;0;34;201100000002222011000000000000022200;550553,30,58.143234,-37.123989,0.577962
00:43:01.453
F;65501;0;34;201100000002222011000000000000022200;550553,30,57.371452,-35.762722,0.578815
00:43:01.549
F;65501;0;34;201100000002222011000000000000022200;550553,30,56.449539,-34.260647,0.580812
00:43:01.652
F;65501;0;34;201100000002222011000000000000022200;550553,30,55.800625,-33.080780,0.580668
00:43:01.757
F;65501;0;34;201100000002222011000000000000022200;550553,30,55.015507,-31.717201,0.581183
00:43:01.847
F;65501;0;34;201100000002222011000000000000022200;550553,30,54.073643,-30.336426,0.584251
00:43:01.942
F;65501;0;34;201100000002222011000000000000022200;550553,30,53.373837,-29.093922,0.583749
00:43:02.058
F;65501;0;34;201100000002222011000000000000022200;550553,30,52.802631,-27.951138,0.581998
00:43:02.156
F;65501;0;34;701100000002222011000000000000022200;893570,30,49.615200,-23.250828,0.581239;550553,30,52.048145,-26.545147,0.581239
00:43:02.256
F;65501;0;34;701100000002222011000000000000022200;893570,30,48.569523,-21.997433,0.582851;550553,30,51.240955,-25.259384,0.582851
00:43:02.353
F;65501;0;34;701100000002222011000000000000022200;893570,30,47.774609,-20.896835,0.580113;550553,30,50.512066,-23.721771,0.580113
00:43:02.456
F;65501;0;34;701100000002222011000000000000022200;893570,30,46.705650,-19.308186,0.577390;550553,30,49.894684,-22.334150,0.577390
00:43:02.555
F;65501;0;34;701100000002222011000000000000022200;893570,30,45.940670,-17.932940,0.596232;550553,30,49.219395,-21.516096,0.582244
00:43:02.651
F;65501;0;34;701100000002222011000000000000022200;893570,30,45.531780,-17.434597,0.597504;550553,30,48.497070,-20.222813,0.582011
00:43:02.760
F;65501;0;34;701100000002222011000000000000022200;893570,30,44.710400,-15.983381,0.594129;550553,30,47.774746,-18.929529,0.581824
00:43:02.857
F;65501;0;34;701100000002222011000000000000022200;893570,30,43.976028,-14.758778,0.592561;550553,30,47.052422,-17.636244,0.581674
00:43:02.956
F;65501;0;34;701100000002222011000000000000022200;893570,30,43.045433,-13.101339,0.589883;550553,30,46.330097,-16.342960,0.581554
00:43:03.057
F;65501;0;34;701100000002222011000000000000022200;893570,30,42.664509,-12.508309,0.589987;550553,30,45.607769,-15.049677,0.581458
00:43:03.157
F;65501;0;34;201100500002222011000000000000022200;893570,30,41.546700,-10.538016,0.587834;550553,30,44.885445,-13.756393,0.581380
00:43:03.257
F;65501;0;34;201100500002222011000000000000022200;893570,30,40.631378,-9.411822,0.591877;550553,30,44.163116,-12.463110,0.581318
00:43:03.355
F;65501;0;34;201100000002222011000000000000022200;893570,30,39.564545,-8.193703,0.596673;550553,30,43.440792,-11.169826,0.581269
00:43:03.457
F;65501;0;34;201100000002222011000000000000022200;893570,30,38.522190,-6.726127,0.597046;550553,30,42.718468,-9.876542,0.581229
00:43:03.558
F;65501;0;34;201100000002222011000000000000022200;893570,30,38.064663,-6.146614,0.598067;550553,30,41.996140,-8.583259,0.581197
00:43:03.657
F;65501;0;34;201100000002222011000000000000022200;893570,30,37.227646,-4.623528,0.594007;550553,30,41.273815,-7.289974,0.581171
00:43:03.757
F;65501;0;34;201100000002222011000000000000022200;893570,30,36.165276,-3.438370,0.598677;550553,30,40.551487,-5.996691,0.581151
00:43:03.856
F;65501;0;34;201100000002222011000000000000022200;893570,30,35.162251,-2.200542,0.600713;550553,30,39.829163,-4.703407,0.581134
00:43:03.957
F;65501;0;34;201100000002222011000000000000022200;893570,30,34.281265,-1.127812,0.602350;550553,30,39.106838,-3.410123,0.581121
00:43:04.056
F;65501;0;34;201100000002222011000000000000022200;893570,30,32.902145,0.774244,0.601646;550553,30,38.384510,-2.116839,0.581110
00:43:04.156
F;65501;0;34;201100000002222011000000000000022200;893570,30,32.711395,1.222158,0.598847;550553,30,37.662186,-0.823556,0.581102
00:43:04.256
F;65501;0;34;201100000002222011000000000000022200;893570,30,32.082676,2.484237,0.594045;550553,30,36.939857,0.469728,0.581095
00:43:04.357
F;65501;0;34;201100000002222011000000000000022200;893570,30,31.216673,3.713173,0.594777
00:43:04.458
F;65501;0;34;201100000002222011000000000000022200;110001,30,29.794497,-0.404588,0.595362;893570,30,30.350670,4.942110,0.595362
00:43:04.556
F;65501;0;34;201100000002222011000000000000022200;110001,30,28.764746,0.988623,0.595830;893570,30,29.484667,6.171047,0.595830
00:43:04.651
F;65501;0;34;201100000002222011000000000000022200;110001,30,27.811941,2.753527,0.596205;893570,30,28.618664,7.399983,0.596205
00:43:04.748
F;65501;0;34;201100000002222011000000000000022200;110001,30,26.824167,4.250728,0.596504;893570,30,27.752663,8.628920,0.596504
00:43:04.857
F;65501;0;34;201100000002222011000000000000022200;110001,30,25.915565,5.753651,0.589461;893570,30,26.886660,9.857857,0.596743
00:43:04.958
F;65501;0;34;201100000002222011000000000000022200;110001,30,24.872087,7.266551,0.591017;893570,30,26.020657,11.086793,0.596935
00:43:05.052
F;65501;0;34;201100000002222011000000000000022200;110001,30,23.993738,8.548510,0.591960;893570,30,25.587656,11.701262,0.597020
00:43:05.158
F;65501;0;34;201100000002222011000000000000022200;110001,30,22.875359,9.766497,0.597622;893570,30,24.288652,13.544666,0.597205
00:43:05.265
F;65501;0;34;201100000002222011000000000000022200;110001,30,21.995226,11.155974,0.595953;893570,30,23.422651,14.773602,0.597304
00:43:05.357
F;65501;0;34;201100000002222011000000000000022200;110001,30,21.060369,12.670088,0.594142;893570,30,22.556648,16.002539,0.597383
00:43:05.452
F;65501;0;34;201100000002222011000000000000022200;110001,30,20.107174,14.052643,0.594563;893570,30,21.690647,17.231476,0.597446
00:43:05.556
F;65501;0;34;201100000002222011000000000000022200;110001,30,19.076012,15.498370,0.595486;893570,30,20.824644,18.460413,0.597497
00:43:05.660
F;65501;0;34;201100000002222011000000000000022200;110001,30,18.158905,16.908182,0.594677;893570,30,19.958643,19.689350,0.597537
00:43:05.757
F;65501;0;34;201100000002222011000000000000022200;110001,30,17.251516,18.249109,0.594678;893570,30,18.659637,21.532753,0.597581
00:43:05.854
F;65501;0;34;201100000002222011000000000000022200;110001,30,16.241423,19.642118,0.595831;893570,30,18.226637,22.147221,0.597594
00:43:05.963
F;65501;0;34;201100000002222011000000000000022200;110001,30,15.296504,20.961637,0.596486;893570,30,17.360634,23.376156,0.597615
00:43:06.062
F;65501;0;34;201100000002222011000000000000022200;110001,30,14.376235,22.242346,0.597044
00:43:06.159
F;65501;0;34;201100000002222011000000000000022200;110001,30,13.430444,23.664116,0.596242
00:43:06.257
F;65501;0;34;201100000002222011000000000000022200;110001,30,12.439450,24.906258,0.598530
00:43:06.360
F;65501;0;34;201100000002222011000000000000022200;110001,30,11.453921,26.096127,0.600897
00:43:06.467
F;65501;0;34;201100000002222011000000000000022200;110001,30,10.332900,27.317373,0.604638
00:43:06.556
F;65501;0;34;201100000002222011000000000000022200;110001,30,9.386952,28.590672,0.604022
00:43:06.657
F;65501;0;34;201100000002222011000000000000022200;110001,30,8.366276,29.733894,0.606457
00:43:06.754
F;65501;0;34;201100000002222011000000000000022200;110001,30,7.346380,31.049871,0.606126
00:43:06.855
F;65501;0;34;201100000002222011000000000000022200;110001,30,6.156712,32.317265,0.609234
00:43:06.955
F;65501;0;34;201100000002222011000000000000022200;110001,30,5.217212,33.468861,0.609170
00:43:07.050
F;65501;0;34;201100000002222011000000000000022200;110001,30,4.078471,34.610722,0.612475
00:43:07.157
F;65501;0;34;201100000002222011000000000000022200;110001,30,2.998156,35.947632,0.611516
00:43:07.261
F;65501;0;34;201100000002222011000000000000022200;110001,30,1.724525,37.189877,0.615052
00:43:07.354
F;65501;0;34;201100000002222011000000000000022200;110001,30,0.549461,38.392097,0.616831
00:43:07.451
F;65501;0;34;201100000002222011000000000000022200;110001,30,-0.705353,39.585449,0.619554
00:43:07.552
F;65501;0;34;201100000002222011000000000000022200;110001,30,-1.233691,40.202621,0.618735
00:43:07.660
F;65501;0;34;201100000002222011000000000000022200;110001,30,-3.134976,41.929977,0.622897
00:43:07.763
F;65501;0;34;201100000002222011000000000000022200;110001,30,-4.315316,43.283394,0.620881
00:43:07.853
F;65501;0;34;201100000002222011000000000000022200;110001,30,-5.501121,44.691521,0.618654
00:43:07.966
F;65501;0;34;201100000002222011000000000000022200;110001,30,-6.733821,45.645073,0.624118
00:43:08.057
F;65501;0;34;201100000002222011000000000000022200;110001,30,-7.896629,46.825176,0.624055
00:43:08.162
F;65501;0;34;201100000002222011000000000000022200;110001,30,-9.228909,48.195557,0.623741
00:43:08.261
F;65501;0;34;201100000002222011000000000000022200;110001,30,-10.501393,49.393982,0.625101
00:43:08.363
F;65501;0;34;201100000002222011000000000000022200;110001,30,-11.723378,50.474087,0.627172
00:43:08.458
F;65501;0;34;201100000002222011000000000000022200;110001,30,-13.008371,51.651241,0.628251
00:43:08.555
F;65501;0;34;201100000002222011000000000000022200;110001,30,-14.416356,52.991657,0.628413
00:43:08.655
F;65501;0;34;201100000002222011000000000000022200;110001,30,-15.672857,53.818253,0.634206
00:43:08.756
F;65501;0;34;201100000002222011000000000000022200;110001,30,-17.000830,54.966038,0.634739
00:43:08.871
F;65501;0;34;201100000002222011000000000000022200;110001,30,-18.434397,56.081753,0.637063
00:43:08.964
F;65501;0;34;201100000002222011000000000000022200;110001,30,-19.695429,57.216038,0.636259
00:43:09.061
F;65501;0;34;201100000002222011000000000000022200;110001,30,-20.915848,58.450508,0.633529
00:43:09.156
F;65501;0;34;201100000002222011000000000000022200;110001,30,-22.130590,59.560604,0.633234
00:43:09.260
F;65501;0;34;201100000002222011000000000000022200;110001,30,-23.504875,60.623634,0.635924
00:43:09.357
F;65501;0;34;201100000002222011000000000000022200;110001,30,-24.658926,61.994717,0.630282
00:43:09.457
F;65501;0;34;201100000002222011000000000000022200;110001,30,-26.109131,63.122971,0.633677
00:43:09.563
F;65501;0;34;201100000002222011000000000000022200;110001,30,-27.462704,64.394814,0.632797
00:43:09.659
F;65501;0;34;201100000002222011000000000000022200;110001,30,-28.750267,65.515755,0.633505
00:43:09.759
F;65501;0;34;201100000002222011000000000000022200;110001,30,-30.142643,66.656929,0.635172
00:43:09.861
F;65501;0;34;201100000002222011000000000000022200;110001,30,-31.638170,67.708694,0.639204
00:43:09.958
F;65501;0;34;201100000002222011000000000000022200;110001,30,-33.156315,68.785645,0.642186
00:43:10.058
F;65501;0;34;201100000002222011000000000000022200;110001,30,-34.466263,69.901253,0.641191
00:43:10.159
F;65501;0;34;201100000002222011000000000000022200;110001,30,-35.805374,71.070656,0.639948
00:43:10.261
F;65501;0;34;201100000002222011000000000000022200;110001,30,-37.211388,72.231186,0.640001
00:43:10.359
F;65501;0;34;201100000002222011000000000000022200;110001,30,-38.733948,73.312950,0.642774
00:43:10.459
F;65501;0;34;201100000002222011000000000000022200;110001,30,-40.217865,74.465729,0.643277
00:43:10.560
F;65501;0;34;201100000002222011000000000000022200;110001,30,-41.800209,75.535652,0.646197
00:43:10.664
F;65501;0;34;201100000002222011000000000000022200;110001,30,-43.327377,76.678238,0.646577
00:43:10.760
F;65501;0;34;201100000002222011000000000000022200;110001,30,-44.813828,77.873413,0.645526
00:43:10.872
F;65501;0;34;201100000002222011000000000000022200;110001,30,-46.402546,78.965508,0.647623
00:43:10.961
F;65501;0;34;201100000002222011000000000000022200;110001,30,-47.933876,80.122185,0.647482
00:43:11.064
F;65501;0;34;201100000002222011000000000000022200;110001,30,-49.496544,81.246552,0.648272
00:43:11.162
F;65501;0;34;201100000002222011000000000000022200;110001,30,-51.059616,82.370171,0.648887
00:43:11.262
F;65501;0;34;201100000002222011000000000000022200;110001,30,-52.444733,83.685364,0.644119
00:43:11.363
F;65501;0;34;201100000002222011000000000000022200;110001,30,-54.184460,84.615768,0.650965
00:43:11.463
F;65501;0;34;201100000002222011000000000000022200;110001,30,-55.684509,85.805305,0.649110
00:43:11.573
F;65501;0;34;201100000002222011000000000000022200;110001,30,-57.072834,87.114243,0.644427
00:43:11.669
F;65501;0;34;201100000002222011000000000000022200;110001,30,-58.364983,88.523483,0.638078
00:43:11.764
F;65501;0;34;201100000002222011000000000000022200;110001,30,-59.921711,89.647156,0.641086
00:43:11.868
F;65501;0;34;201100000002222011000000000000022200;110001,30,-61.531876,90.452927,0.649153
00:43:11.948
F;65501;0;34;201100000002222011000000000000022200;110001,30,-63.081432,91.395134,0.652377
00:43:12.065
F;65501;0;34;201100000002222011000000000000022200;110001,30,-64.867119,92.384598,0.656713
00:43:12.165
F;65501;0;34;201100000002222011000000000000022200;110001,30,-66.696732,93.288246,0.661853
00:43:12.269
F;65501;0;34;201100000002222011000000000000022200;110001,30,-68.182762,94.492500,0.656965
00:43:12.362
F;65501;0;34;201100000002222011000000000000022200;110001,30,-69.660751,95.704414,0.653036
00:43:12.466
F;65501;0;34;201100000002222011000000000000022200;110001,30,-71.372353,96.654655,0.657044
00:43:12.582
F;65501;0;34;201100000002222011000000000000022200;110001,30,-73.346848,97.347717,0.667151
00:43:12.657
F;65501;0;34;201100000002222011000000000000022200;110001,30,-75.075706,98.303085,0.667771
00:43:12.773
F;65501;0;34;201100000002222011000000000000022200;110001,30,-76.785812,99.265404,0.667932
00:43:12.866
F;65501;0;34;201100000002222011000000000000022200;110001,30,-78.733826,99.940140,0.675333
00:43:12.971
F;65501;0;34;201100000002222011000000000000022200;110001,30,-80.530197,100.781532,0.676563
00:43:13.076
F;65501;0;34;201100000002222011000000000000022200;110001,30,-82.216003,101.744316,0.674327
00:43:13.172
F;65501;0;34;201100000002222011000000000000022200;110001,30,-83.898041,102.705399,0.672632
00:43:13.268
F;65501;0;34;201100000002222011000000000000022200;110001,30,-85.683968,103.539154,0.674573
00:43:13.439
F;65501;0;34;201100000002222011000000000000022200;110001,30,-87.441635,104.402206,0.675258
00:43:13.473
F;65501;0;34;201100000002222011000000000000022200;110001,30,-89.233749,105.489655,0.672136
00:43:13.569
F;65501;0;34;201100000002222011000000000000022200;110001,30,-91.129478,106.103477,0.679110
00:43:13.674
F;65501;0;34;201100000002222011000000000000022200;110001,30,-93.234833,106.476158,0.690360
00:43:13.757
F;65501;0;34;201100000002222011000000000000022200;110001,30,-94.990219,107.287270,0.688106
00:43:13.869
F;65501;0;34;201100000002222011000000000000022200;110001,30,-96.810806,108.027023,0.688222
00:43:13.974
F;65501;0;34;201100000002222011000000000000022200;110001,30,-98.746620,108.918968,0.686403
00:43:14.060
F;65501;0;34;201100000002222011000000000000022200;110001,30,-100.476776,109.756119,0.684432
00:43:14.173
F;65501;0;34;201100000002222011000000000000022200;110001,30,-102.322662,110.738350,0.681264
00:43:14.270
F;65501;0;34;201100000002222011000000000000022200;110001,30,-104.072266,111.635750,0.679613
00:43:14.357
F;65501;0;34;201100000002222011000000000000022200;110001,30,-105.877472,112.613869,0.677410
00:43:14.474
F;65501;0;34;201100000002222011000000000000022200;110001,30,-107.728287,113.605690,0.675931
00:43:14.573
F;65501;0;34;201100000002222011000000000000022200;110001,30,-109.543495,114.515533,0.675962
00:43:14.674
F;65501;0;34;201100000002222011000000000000022200;110001,30,-111.475548,115.240990,0.680276
00:43:14.776
F;65501;0;34;201100000002222011000000000000022200;110001,30,-113.253822,116.137138,0.679138
00:43:14.893
F;65501;0;34;201100000002222011000000000000022200;110001,30,-115.032097,117.033287,0.678283
00:43:14.957
F;65501;0;34;201100000002222011000000000000022200;110001,30,-117.235435,117.628517,0.686458
00:43:15.065
F;65501;0;34;201100000002222011000000000000022200;110001,30,-119.093857,118.509277,0.684698
00:43:15.179
F;65501;0;34;201100000002222011000000000000022200;110001,30,-121.046333,119.248276,0.686689
00:43:15.264
F;65501;0;34;201100000002222011000000000000022200;110001,30,-123.052986,120.008080,0.688191
00:43:15.371
F;65501;0;34;201100000002222011000000000000022200;110001,30,-124.892143,120.863373,0.686304
00:43:15.469
F;65501;0;34;201100000002222011000000000000022200;110001,30,-126.731308,121.718658,0.684894
00:43:15.573
F;65501;0;34;201100000002222011000000000000022200;110001,30,-128.570465,122.573944,0.683840
00:43:15.682
F;65501;0;34;201100000002222011000000000000022200;110001,30,-130.409622,123.429230,0.683052
00:43:15.764
F;65501;0;34;201100000002222011000000000000022200;110001,30,-132.248779,124.284523,0.682463
00:43:15.871
F;65501;0;34;201100000002222011000000000000022200;110001,30,-134.087936,125.139809,0.682023
00:43:15.974
F;65501;0;34;201100000002222011000000000000022200;110001,30,-135.927094,125.995094,0.681694
00:43:16.074
F;65501;0;34;201100000002222011000000000000022200;110001,30,-137.766251,126.850388,0.681448
00:43:16.170
F;65501;0;34;201100000002222011000000000000022200;110001,30,-139.605408,127.705673,0.681264
00:43:16.266
F;65501;0;34;201100000002222011000000000000022200;110001,30,-141.444565,128.560959,0.681127
00:43:16.373
F;65501;0;34;201100000002222011000000000000022200;110001,30,-143.283722,129.416245,0.681025
00:43:16.466
F;65501;0;34;201100000002222011000000000000022200;110001,30,-145.122879,130.271545,0.680948
00:43:16.573
F;65501;0;34;201100000002222011000000000000022200;110001,30,-146.962036,131.126831,0.680891
00:43:16.682
F;65501;0;34;201100000002222011000000000000022200;110001,30,-148.801193,131.982117,0.680848
00:43:16.787
F;65501;0;34;201100000002222011000000000000022200;110001,30,-150.640350,132.837402,0.680816
00:43:16.868
F;65501;0;34;201100000002222011000000000000022200;110001,30,-152.479523,133.692688,0.680792
00:43:16.987
F;65501;0;34;201100000002222011000000000000022200;110001,30,-154.318680,134.547974,0.680774
